0
0
0
0
0
0
0
0
0
0
0
0.23040000000000007696
0.23040000000000007696
0.34559999999999996279
0.34559999999999996279
0.34559999999999996279
0.34559999999999996279
0.23040000000000004921
0.23040000000000004921
0
0
0.23040000000000007696
0.23040000000000007696
0.34559999999999996279
0.34559999999999996279
0.34559999999999996279
0.34559999999999996279
0.23040000000000004921
0.23040000000000004921
0
0
0.34560000000000007381
0.34560000000000007381
0.51839999999999997193
0.51839999999999997193
0.51839999999999997193
0.51839999999999997193
0.34559999999999990727
0.34559999999999990727
0
0
0.34560000000000007381
0.34560000000000007381
0.51839999999999997193
0.51839999999999997193
0.51839999999999997193
0.51839999999999997193
0.34559999999999990727
0.34559999999999990727
0
0
0.34559999999999996279
0.34559999999999996279
0.51839999999999997193
0.51839999999999997193
0.51839999999999997193
0.51839999999999997193
0.34559999999999990727
0.34559999999999990727
0
0
0.34559999999999996279
0.34559999999999996279
0.51839999999999997193
0.51839999999999997193
0.51839999999999997193
0.51839999999999997193
0.34559999999999990727
0.34559999999999990727
0
0
0.23040000000000004921
0.23040000000000004921
0.34559999999999990727
0.34559999999999990727
0.34559999999999990727
0.34559999999999990727
0.23039999999999988267
0.23039999999999988267
0
0
0.23040000000000004921
0.23040000000000004921
0.34559999999999990727
0.34559999999999990727
0.34559999999999990727
0.34559999999999990727
0.23039999999999988267
0.23039999999999988267
0
0
0
0
0
0
0
0
0
0
0



