7.2444749328051482182e-15
9.8738390476105084664e-16
1.0761140497600104749e-15
7.3545714408188838169e-15
7.6444753115003881787e-15
-7.0088675134603922897e-15
-7.2219298594640804576e-15
6.3579331843111411887e-15
6.3050141123187252092e-15
1.240883906704579368e-15
4.9400069869249579987e-15
0.025600000000002069017
0.025600000000001468803
0.038400000000001745237
0.038400000000003368938
0.03840000000000116237
0.038399999999999767653
0.025600000000001434108
0.02560000000000380721
1.4745407743306902088e-14
3.3905023106176123664e-15
0.025600000000002034323
0.025600000000000004696
0.038400000000001384415
0.038400000000001884015
0.038400000000002515455
0.038400000000002036671
0.025599999999999883266
0.025600000000002353512
1.6547455845464821344e-14
-1.784630907167359252e-16
0.03840000000000173136
0.03840000000000141217
0.057599999999999110245
0.057599999999999755562
0.057600000000001448652
0.057600000000001316813
0.038400000000001294209
0.038399999999999483158
-1.729589655140071553e-14
6.7411033263972034348e-16
0.038400000000001328904
0.03840000000000241831
0.057600000000000130262
0.05759999999999725756
0.057599999999998742484
0.057600000000002267442
0.038400000000003563227
0.038399999999998934985
-1.614147394303132824e-14
9.7475722977435461384e-16
0.038400000000003230161
0.03840000000000298036
0.057600000000001767841
0.057599999999999672295
0.057599999999999651479
0.057600000000002316014
0.038400000000001668909
0.038400000000004777534
1.6017822175091232578e-14
6.5163132790200949066e-16
0.038400000000001488498
0.038400000000001897893
0.057600000000002399281
0.057600000000000872724
0.057600000000002128664
0.057600000000001240485
0.038400000000001009715
0.038400000000003188527
1.6003899678441664884e-14
3.3726002431232758183e-15
0.025600000000003106382
0.025600000000002370859
0.03840000000000254321
0.038400000000004604062
0.038400000000003542411
0.038400000000001703604
0.02560000000000123288
0.025600000000000081024
-6.4279961608394357904e-15
4.051415114740017441e-15
0.025600000000003793332
0.025600000000002957196
0.038400000000004007317
0.038400000000003528533
0.038400000000001842382
0.038400000000001800748
0.025600000000001427169
0.0256000000000015486
-5.5543847683559981659e-15
-5.8908270316377888925e-15
3.5191710664964456245e-15
3.7929044728206697352e-15
1.0897002460258819465e-15
1.7723507382175845235e-15
-2.3532370379720098892e-15
-2.8211613157482649725e-15
5.468995427876087028e-15
5.2254348565622633951e-15
1.2554520104572128858e-15



